p cnf 56 372
-1 -2 0
-3 -4 0
-5 -6 0
-7 -8 0
-9 -10 0
-11 -12 0
-13 -14 0
-15 -16 0
-17 -18 0
-19 -20 0
-21 -22 0
-23 -24 0
-25 -26 0
-27 -28 0
-29 -30 0
-31 -32 0
-33 -34 0
-35 -36 0
-37 -38 0
-39 -40 0
-41 -42 0
-43 -44 0
-45 -46 0
-47 -48 0
-49 -50 0
-51 -52 0
-53 -54 0
-55 -56 0
-1 -15 3 0
-1 -17 5 0
-1 -19 7 0
-1 -21 9 0
-1 -23 11 0
-1 -25 13 0
-3 -16 1 0
-3 -27 5 0
-3 -29 7 0
-3 -31 9 0
-3 -33 11 0
-3 -35 13 0
-5 -18 1 0
-5 -28 3 0
-5 -37 7 0
-5 -39 9 0
-5 -41 11 0
-5 -43 13 0
-7 -20 1 0
-7 -30 3 0
-7 -38 5 0
-7 -45 9 0
-7 -47 11 0
-7 -49 13 0
-9 -22 1 0
-9 -32 3 0
-9 -40 5 0
-9 -46 7 0
-9 -51 11 0
-9 -53 13 0
-11 -24 1 0
-11 -34 3 0
-11 -42 5 0
-11 -48 7 0
-11 -52 9 0
-11 -55 13 0
-13 -26 1 0
-13 -36 3 0
-13 -44 5 0
-13 -50 7 0
-13 -54 9 0
-13 -56 11 0
-2 -3 15 0
-2 -5 17 0
-2 -7 19 0
-2 -9 21 0
-2 -11 23 0
-2 -13 25 0
-15 -4 2 0
-15 -27 17 0
-15 -29 19 0
-15 -31 21 0
-15 -33 23 0
-15 -35 25 0
-17 -6 2 0
-17 -28 15 0
-17 -37 19 0
-17 -39 21 0
-17 -41 23 0
-17 -43 25 0
-19 -8 2 0
-19 -30 15 0
-19 -38 17 0
-19 -45 21 0
-19 -47 23 0
-19 -49 25 0
-21 -10 2 0
-21 -32 15 0
-21 -40 17 0
-21 -46 19 0
-21 -51 23 0
-21 -53 25 0
-23 -12 2 0
-23 -34 15 0
-23 -42 17 0
-23 -48 19 0
-23 -52 21 0
-23 -55 25 0
-25 -14 2 0
-25 -36 15 0
-25 -44 17 0
-25 -50 19 0
-25 -54 21 0
-25 -56 23 0
-4 -1 16 0
-4 -5 27 0
-4 -7 29 0
-4 -9 31 0
-4 -11 33 0
-4 -13 35 0
-16 -2 4 0
-16 -17 27 0
-16 -19 29 0
-16 -21 31 0
-16 -23 33 0
-16 -25 35 0
-27 -6 4 0
-27 -18 16 0
-27 -37 29 0
-27 -39 31 0
-27 -41 33 0
-27 -43 35 0
-29 -8 4 0
-29 -20 16 0
-29 -38 27 0
-29 -45 31 0
-29 -47 33 0
-29 -49 35 0
-31 -10 4 0
-31 -22 16 0
-31 -40 27 0
-31 -46 29 0
-31 -51 33 0
-31 -53 35 0
-33 -12 4 0
-33 -24 16 0
-33 -42 27 0
-33 -48 29 0
-33 -52 31 0
-33 -55 35 0
-35 -14 4 0
-35 -26 16 0
-35 -44 27 0
-35 -50 29 0
-35 -54 31 0
-35 -56 33 0
-6 -1 18 0
-6 -3 28 0
-6 -7 37 0
-6 -9 39 0
-6 -11 41 0
-6 -13 43 0
-18 -2 6 0
-18 -15 28 0
-18 -19 37 0
-18 -21 39 0
-18 -23 41 0
-18 -25 43 0
-28 -4 6 0
-28 -16 18 0
-28 -29 37 0
-28 -31 39 0
-28 -33 41 0
-28 -35 43 0
-37 -8 6 0
-37 -20 18 0
-37 -30 28 0
-37 -45 39 0
-37 -47 41 0
-37 -49 43 0
-39 -10 6 0
-39 -22 18 0
-39 -32 28 0
-39 -46 37 0
-39 -51 41 0
-39 -53 43 0
-41 -12 6 0
-41 -24 18 0
-41 -34 28 0
-41 -48 37 0
-41 -52 39 0
-41 -55 43 0
-43 -14 6 0
-43 -26 18 0
-43 -36 28 0
-43 -50 37 0
-43 -54 39 0
-43 -56 41 0
-8 -1 20 0
-8 -3 30 0
-8 -5 38 0
-8 -9 45 0
-8 -11 47 0
-8 -13 49 0
-20 -2 8 0
-20 -15 30 0
-20 -17 38 0
-20 -21 45 0
-20 -23 47 0
-20 -25 49 0
-30 -4 8 0
-30 -16 20 0
-30 -27 38 0
-30 -31 45 0
-30 -33 47 0
-30 -35 49 0
-38 -6 8 0
-38 -18 20 0
-38 -28 30 0
-38 -39 45 0
-38 -41 47 0
-38 -43 49 0
-45 -10 8 0
-45 -22 20 0
-45 -32 30 0
-45 -40 38 0
-45 -51 47 0
-45 -53 49 0
-47 -12 8 0
-47 -24 20 0
-47 -34 30 0
-47 -42 38 0
-47 -52 45 0
-47 -55 49 0
-49 -14 8 0
-49 -26 20 0
-49 -36 30 0
-49 -44 38 0
-49 -54 45 0
-49 -56 47 0
-10 -1 22 0
-10 -3 32 0
-10 -5 40 0
-10 -7 46 0
-10 -11 51 0
-10 -13 53 0
-22 -2 10 0
-22 -15 32 0
-22 -17 40 0
-22 -19 46 0
-22 -23 51 0
-22 -25 53 0
-32 -4 10 0
-32 -16 22 0
-32 -27 40 0
-32 -29 46 0
-32 -33 51 0
-32 -35 53 0
-40 -6 10 0
-40 -18 22 0
-40 -28 32 0
-40 -37 46 0
-40 -41 51 0
-40 -43 53 0
-46 -8 10 0
-46 -20 22 0
-46 -30 32 0
-46 -38 40 0
-46 -47 51 0
-46 -49 53 0
-51 -12 10 0
-51 -24 22 0
-51 -34 32 0
-51 -42 40 0
-51 -48 46 0
-51 -55 53 0
-53 -14 10 0
-53 -26 22 0
-53 -36 32 0
-53 -44 40 0
-53 -50 46 0
-53 -56 51 0
-12 -1 24 0
-12 -3 34 0
-12 -5 42 0
-12 -7 48 0
-12 -9 52 0
-12 -13 55 0
-24 -2 12 0
-24 -15 34 0
-24 -17 42 0
-24 -19 48 0
-24 -21 52 0
-24 -25 55 0
-34 -4 12 0
-34 -16 24 0
-34 -27 42 0
-34 -29 48 0
-34 -31 52 0
-34 -35 55 0
-42 -6 12 0
-42 -18 24 0
-42 -28 34 0
-42 -37 48 0
-42 -39 52 0
-42 -43 55 0
-48 -8 12 0
-48 -20 24 0
-48 -30 34 0
-48 -38 42 0
-48 -45 52 0
-48 -49 55 0
-52 -10 12 0
-52 -22 24 0
-52 -32 34 0
-52 -40 42 0
-52 -46 48 0
-52 -53 55 0
-55 -14 12 0
-55 -26 24 0
-55 -36 34 0
-55 -44 42 0
-55 -50 48 0
-55 -54 52 0
-14 -1 26 0
-14 -3 36 0
-14 -5 44 0
-14 -7 50 0
-14 -9 54 0
-14 -11 56 0
-26 -2 14 0
-26 -15 36 0
-26 -17 44 0
-26 -19 50 0
-26 -21 54 0
-26 -23 56 0
-36 -4 14 0
-36 -16 26 0
-36 -27 44 0
-36 -29 50 0
-36 -31 54 0
-36 -33 56 0
-44 -6 14 0
-44 -18 26 0
-44 -28 36 0
-44 -37 50 0
-44 -39 54 0
-44 -41 56 0
-50 -8 14 0
-50 -20 26 0
-50 -30 36 0
-50 -38 44 0
-50 -45 54 0
-50 -47 56 0
-54 -10 14 0
-54 -22 26 0
-54 -32 36 0
-54 -40 44 0
-54 -46 50 0
-54 -51 56 0
-56 -12 14 0
-56 -24 26 0
-56 -34 36 0
-56 -42 44 0
-56 -48 50 0
-56 -52 54 0
2 4 6 8 10 12 14 0
1 16 18 20 22 24 26 0
3 15 28 30 32 34 36 0
5 17 27 38 40 42 44 0
7 19 29 37 46 48 50 0
9 21 31 39 45 52 54 0
11 23 33 41 47 51 56 0
13 25 35 43 49 53 55 0
